          time         x         y         w         h      conf  frame_count
0     0.000000  0.286936  0.490993  0.013969  0.025142  0.766748            0
1     0.020000  0.286934  0.490989  0.013955  0.025111  0.766973            1
2     0.040000  0.285422  0.486505  0.013925  0.025177  0.801805            2
3     0.060000  0.284302  0.485118  0.013915  0.025193  0.801782            3
4     0.080000  0.283228  0.481070  0.013881  0.025424  0.767805            4
5     0.100000  0.282193  0.479834  0.013880  0.025514  0.767831            5
6     0.120000  0.281111  0.477355  0.014004  0.025310  0.777071            6
7     0.140000  0.279987  0.476554  0.014052  0.025237  0.777058            7
8     0.160000  0.279289  0.474597  0.013789  0.025394  0.775658            8
9     0.180000  0.278285  0.473950  0.013687  0.025443  0.775954            9
10    0.200000  0.277664  0.473031  0.014305  0.025860  0.788523           10
11    0.220000  0.276666  0.472772  0.014532  0.026018  0.788510           11
12    0.240000  0.275897  0.470149  0.014355  0.026369  0.784329           12
13    0.260000  0.274862  0.469264  0.014283  0.026496  0.784483           13
14    0.280000  0.274689  0.464897  0.014142  0.025932  0.784010           14
15    0.300000  0.273872  0.463339  0.014098  0.025729  0.784364           15
16    0.320000  0.273461  0.459352  0.014143  0.025565  0.782678           16
17    0.340000  0.272547  0.457955  0.014159  0.025501  0.782566           17
18    0.360000  0.272332  0.454712  0.013711  0.024874  0.767444           18
19    0.380000  0.271495  0.453699  0.013540  0.024631  0.767572           19
20    0.400000  0.271176  0.450911  0.013053  0.023959  0.787550           20
21    0.420000  0.270320  0.449976  0.012874  0.023709  0.787500           21
22    0.440000  0.269779  0.448517  0.012778  0.023320  0.782286           22
23    0.460000  0.268895  0.448097  0.012751  0.023188  0.782271           23
24    0.480000  0.268169  0.447097  0.012953  0.023269  0.789943           24
25    0.500000  0.267265  0.446833  0.013038  0.023317  0.789908           25
26    0.520000  0.267096  0.443923  0.013271  0.023993  0.800370           26
27    0.540000  0.266446  0.442870  0.013359  0.024243  0.800554           27
28    0.560000  0.266209  0.439519  0.013275  0.024506  0.785270           28
29    0.580000  0.265585  0.438303  0.013230  0.024584  0.785513           29
30    0.600000  0.265287  0.435663  0.013453  0.024720  0.765183           30
31    0.620000  0.264638  0.434748  0.013585  0.024859  0.764991           31
32    0.640000  0.264477  0.432550  0.013412  0.024419  0.786601           32
33    0.660000  0.263888  0.431847  0.013362  0.024274  0.786519           33
34    0.680000  0.263974  0.430132  0.013173  0.024081  0.753528           34
35    0.700000  0.263407  0.429613  0.013115  0.024034  0.753486           35
36    0.720000  0.263099  0.429050  0.012809  0.022629  0.755875           36
37    0.740000  0.262467  0.429013  0.012701  0.022101  0.756289           37
38    0.760000  0.264384  0.427051  0.011861  0.020668  0.763973           38
39    0.780000  0.264634  0.426462  0.011540  0.020147  0.763350           39
40    0.800000  0.267683  0.424589  0.011923  0.020852  0.765715           40
41    0.820000  0.268308  0.423996  0.012052  0.021096  0.765803           41
42    0.840000  0.271296  0.422794  0.012483  0.021795  0.733060           42
43    0.860000  0.271984  0.422414  0.012652  0.022073  0.733106           43
44    0.880000  0.274976  0.422327  0.012774  0.021787  0.746660           44
45    0.900000  0.275728  0.422324  0.012819  0.021677  0.746822           45
46    0.920000  0.278640  0.423266  0.013165  0.023117  0.778182           46
47    0.940000  0.279374  0.423575  0.013306  0.023667  0.778046           47
48    0.960000  0.282317  0.424020  0.013334  0.023922  0.785036           48
49    0.980000  0.283062  0.424113  0.013357  0.024030  0.784785           49
50    1.000000  0.285235  0.423412  0.013230  0.023840  0.759250           50
51    1.020000  0.285648  0.423066  0.013190  0.023769  0.759226           51
52    1.040000  0.287958  0.422398  0.013521  0.024199  0.767056           52
53    1.060000  0.288457  0.422071  0.013643  0.024354  0.766716           53
54    1.080000  0.290629  0.421986  0.013143  0.023950  0.767097           54
55    1.100000  0.291056  0.421863  0.012963  0.023817  0.766857           55
56    1.120000  0.293042  0.421836  0.013044  0.023540  0.759272           56
57    1.140000  0.293428  0.421674  0.013084  0.023463  0.759105           57
58    1.160000  0.294950  0.421148  0.012986  0.023687  0.770480           58
59    1.180000  0.295248  0.420822  0.012924  0.023732  0.770545           59
60    1.200000  0.296472  0.420589  0.012940  0.023364  0.791598           60
61    1.220000  0.296780  0.420384  0.012911  0.023154  0.792414           61
62    1.240000  0.297326  0.420242  0.012908  0.022792  0.777988           62
63    1.260000  0.297515  0.420132  0.012946  0.022728  0.778630           63
64    1.280000  0.297849  0.419953  0.013237  0.023141  0.763443           64
65    1.300000  0.298039  0.419777  0.013030  0.023219  0.763276           65
66    1.320000  0.298144  0.419368  0.013002  0.023314  0.772409           66
67    1.340000  0.298254  0.419176  0.012988  0.023347  0.772564           67
68    1.360000  0.298454  0.418591  0.012944  0.023067  0.784105           68
69    1.380000  0.298593  0.418360  0.012942  0.022984  0.784355           69
70    1.400000  0.299134  0.418262  0.013056  0.023438  0.792778           70
71    1.420000  0.299363  0.418254  0.013097  0.023609  0.792756           71
72    1.440000  0.299846  0.417764  0.013012  0.023300  0.793930           72
73    1.460000  0.300039  0.417608  0.013002  0.023211  0.793559           73
74    1.480000  0.300469  0.417345  0.012691  0.022752  0.791004           74
75    1.500000  0.300630  0.417209  0.012565  0.022586  0.791573           75
76    1.520000  0.300978  0.416845  0.012484  0.022159  0.753001           76
77    1.540000  0.301127  0.416636  0.012467  0.022028  0.752432           77
78    1.560000  0.301165  0.416242  0.012796  0.023018  0.755986           78
79    1.580000  0.301230  0.415975  0.012886  0.023337  0.755835           79
80    1.600000  0.301305  0.416026  0.013043  0.023420  0.743528           80
81    1.620000  0.301403  0.415939  0.013096  0.023454  0.743737           81
82    1.640000  0.301247  0.415825  0.013305  0.023715  0.742811           82
83    1.660000  0.301309  0.415660  0.013359  0.023765  0.742847           83
84    1.680000  0.301349  0.415121  0.012909  0.023088  0.725722           84
85    1.700000  0.301513  0.414789  0.012713  0.022790  0.725597           85
86    1.720000  0.302887  0.413716  0.012825  0.022508  0.699071           86
87    1.740000  0.303562  0.413242  0.012881  0.022417  0.696899           87
88    1.760000  0.311547  0.406193  0.011056  0.020694  0.625990           88
89    1.780000  0.311555  0.406195  0.011116  0.020786  0.615857           89
90    1.800000  0.318218  0.401159  0.013015  0.022880  0.733621           90
91    1.820000  0.318215  0.401157  0.012979  0.022813  0.733834           91
92    1.840000  0.324653  0.395591  0.013544  0.023835  0.804246           92
93    1.860000  0.324661  0.395587  0.013525  0.023795  0.805278           93
94    1.880000  0.330958  0.391044  0.013077  0.022956  0.765795           94
95    1.900000  0.330951  0.391033  0.013081  0.022969  0.765756           95
96    1.920000  0.337778  0.386010  0.013703  0.023965  0.777164           96
97    1.940000  0.337797  0.385988  0.013757  0.024054  0.775400           97
98    1.960000  0.342269  0.382747  0.013464  0.024049  0.781731           98
99    1.980000  0.343877  0.381498  0.013353  0.024016  0.781847           99
100   2.000000  0.348645  0.378023  0.013599  0.024225  0.775303          100
101   2.020000  0.350197  0.376790  0.013695  0.024310  0.775312          101
102   2.040000  0.354438  0.374145  0.013738  0.024402  0.783427          102
103   2.060000  0.355944  0.373098  0.013753  0.024430  0.783263          103
104   2.080000  0.360111  0.370321  0.013460  0.023961  0.752248          104
105   2.100000  0.361639  0.369205  0.013355  0.023784  0.752273          105
106   2.120000  0.365561  0.366208  0.013303  0.023682  0.789239          106
107   2.140000  0.367004  0.364951  0.013289  0.023655  0.789174          107
108   2.160000  0.370565  0.362563  0.012931  0.023425  0.784439          108
109   2.180000  0.371930  0.361491  0.012809  0.023354  0.783838          109
110   2.200000  0.375325  0.359362  0.013042  0.023435  0.783882          110
111   2.220000  0.376670  0.358392  0.013125  0.023463  0.784114          111
112   2.240000  0.380056  0.355483  0.012692  0.021999  0.762799          112
113   2.260000  0.381379  0.354254  0.012529  0.021445  0.762600          113
114   2.280000  0.385041  0.351349  0.011416  0.020211  0.775826          114
115   2.300000  0.386412  0.350208  0.011012  0.019787  0.775563          115
116   2.320000  0.389233  0.348642  0.011919  0.021369  0.746526          116
117   2.340000  0.390361  0.347945  0.012274  0.022001  0.746769          117
118   2.360000  0.393395  0.346361  0.012438  0.022297  0.758667          118
119   2.380000  0.394601  0.345676  0.012507  0.022424  0.758696          119
120   2.400000  0.397168  0.343499  0.012451  0.022215  0.773040          120
121   2.420000  0.398195  0.342602  0.012432  0.022142  0.773947          121
122   2.440000  0.400784  0.340085  0.012045  0.021645  0.764963          122
123   2.460000  0.401780  0.339076  0.011889  0.021453  0.765344          123
124   2.480000  0.404445  0.337237  0.012384  0.022058  0.808787          124
125   2.500000  0.405483  0.336522  0.012564  0.022285  0.809274          125
126   2.520000  0.407950  0.334872  0.012250  0.021807  0.787339          126
127   2.540000  0.408931  0.334251  0.012125  0.021618  0.787251          127
128   2.800000  0.387758  0.331147  0.010652  0.019076  0.782503          140
129   2.820000  0.387758  0.331141  0.010639  0.019048  0.782015          141
130   2.840000  0.384337  0.333495  0.010984  0.019426  0.767613          142
131   2.860000  0.383277  0.334175  0.011193  0.019699  0.769242          143
132   2.880000  0.379883  0.336640  0.011109  0.019425  0.784030          144
133   2.900000  0.378875  0.337323  0.011091  0.019351  0.783776          145
134   2.920000  0.375092  0.340122  0.011394  0.019181  0.761905          146
135   2.940000  0.373826  0.340922  0.011487  0.019097  0.761502          147
136   2.960000  0.370656  0.345897  0.011362  0.020266  0.796856          148
137   2.980000  0.369539  0.347566  0.011297  0.020630  0.797326          149
138   3.000000  0.366070  0.352481  0.011935  0.021921  0.762415          150
139   3.020000  0.364801  0.354219  0.012157  0.022390  0.762173          151
140   3.040000  0.361919  0.359093  0.012685  0.022520  0.771264          152
141   3.060000  0.360872  0.360898  0.012889  0.022574  0.770700          153
142   3.080000  0.357719  0.364823  0.012654  0.022269  0.781991          154
143   3.100000  0.356573  0.366288  0.012569  0.022171  0.781838          155
144   3.120000  0.354031  0.366045  0.012488  0.022087  0.781218          156
145   3.140000  0.353124  0.365958  0.012447  0.022038  0.781593          157
146   3.160000  0.350526  0.365935  0.012277  0.022008  0.795099          158
147   3.180000  0.349578  0.365908  0.012202  0.021982  0.795128          159
148   3.200000  0.346804  0.366506  0.012274  0.022119  0.805294          160
149   3.220000  0.345759  0.366753  0.012277  0.022136  0.805790          161
150   3.240000  0.343205  0.368062  0.012951  0.022989  0.776407          162
151   3.260000  0.342196  0.368596  0.013207  0.023320  0.776665          163
152   3.280000  0.339711  0.370274  0.013153  0.023611  0.748760          164
153   3.300000  0.338702  0.370969  0.013127  0.023719  0.748354          165
154   3.320000  0.336313  0.373407  0.013036  0.023172  0.781673          166
155   3.340000  0.335309  0.374364  0.013020  0.022981  0.781556          167
156   3.360000  0.333057  0.377838  0.013385  0.023888  0.765259          168
157   3.380000  0.332072  0.379162  0.013538  0.024249  0.765034          169
158   3.400000  0.329919  0.381470  0.013308  0.023585  0.795209          170
159   3.420000  0.328995  0.382344  0.013192  0.023283  0.795212          171
160   3.440000  0.327136  0.382429  0.013265  0.023327  0.781116          172
161   3.460000  0.326275  0.382469  0.013275  0.023302  0.781291          173
162   3.480000  0.324426  0.382617  0.013131  0.023036  0.779489          174
163   3.500000  0.323586  0.382696  0.013078  0.022930  0.779331          175
164   3.520000  0.321797  0.383708  0.012926  0.022999  0.775988          176
165   3.540000  0.320995  0.384139  0.012852  0.023002  0.776594          177
166   3.560000  0.319041  0.386016  0.012597  0.022778  0.753693          178
167   3.580000  0.318172  0.386770  0.012500  0.022690  0.754279          179
168   3.600000  0.316373  0.389055  0.012731  0.022950  0.779120          180
169   3.620000  0.315521  0.389935  0.012815  0.023050  0.779236          181
170   3.640000  0.313806  0.391307  0.012306  0.022411  0.769941          182
171   3.660000  0.313012  0.391806  0.012087  0.022120  0.769913          183
172   3.680000  0.311699  0.392379  0.012018  0.022066  0.756754          184
173   3.700000  0.311006  0.392562  0.012008  0.022078  0.756535          185
174   3.720000  0.309728  0.393878  0.012128  0.021845  0.765240          186
175   3.740000  0.308978  0.394323  0.012191  0.021793  0.764628          187
176   3.760000  0.307890  0.395841  0.012193  0.022080  0.797075          188
177   3.780000  0.307234  0.396362  0.012190  0.022175  0.797011          189
178   3.800000  0.306309  0.397470  0.012099  0.021833  0.764262          190
179   3.820000  0.305696  0.397871  0.012078  0.021729  0.763836          191
180   3.840000  0.304817  0.398240  0.012520  0.022943  0.791037          192
181   3.860000  0.304224  0.398388  0.012645  0.023314  0.791804          193
182   3.880000  0.303165  0.398860  0.012402  0.022899  0.759046          194
183   3.900000  0.302567  0.398986  0.012305  0.022729  0.758706          195
184   3.920000  0.301414  0.400331  0.012111  0.021981  0.762416          196
185   3.940000  0.300806  0.400797  0.012032  0.021685  0.762365          197
186   3.960000  0.299727  0.401803  0.011884  0.021641  0.776156          198
187   3.980000  0.299199  0.402160  0.011834  0.021631  0.775833          199
188   4.000000  0.298356  0.402339  0.011656  0.021101  0.762919          200
189   4.020000  0.297943  0.402425  0.011598  0.020908  0.762705          201
190   4.040000  0.297064  0.403365  0.012206  0.021643  0.788480          202
191   4.060000  0.296614  0.403768  0.012437  0.021926  0.788537          203
192   4.080000  0.295645  0.404456  0.011844  0.021437  0.782901          204
193   4.100000  0.295180  0.404788  0.011610  0.021243  0.783122          205
194   4.120000  0.294245  0.404878  0.011638  0.020995  0.752985          206
195   4.140000  0.293790  0.405004  0.011649  0.020892  0.751935          207
196   4.160000  0.293025  0.405415  0.011842  0.021108  0.767611          208
197   4.180000  0.292610  0.405686  0.011904  0.021170  0.767971          209
198   4.200000  0.291658  0.405883  0.011545  0.020986  0.778737          210
199   4.220000  0.291143  0.406093  0.011351  0.020814  0.779721          211
200   4.240000  0.289990  0.406838  0.011417  0.020283  0.742803          212
201   4.260000  0.289442  0.407231  0.011435  0.020068  0.742665          213
202   4.280000  0.288975  0.406786  0.011900  0.020670  0.729563          214
203   4.300000  0.288665  0.406806  0.012093  0.020934  0.734930          215
204   4.320000  0.288072  0.406850  0.011808  0.021143  0.765097          216
205   4.340000  0.287727  0.407104  0.011723  0.021277  0.765239          217
206   4.360000  0.286983  0.407374  0.011922  0.021724  0.760418          218
207   4.380000  0.286574  0.407647  0.011998  0.021884  0.760608          219
208   4.400000  0.286171  0.408045  0.012020  0.021850  0.741532          220
209   4.420000  0.285810  0.408349  0.012031  0.021843  0.741204          221
210   4.440000  0.285378  0.408569  0.011440  0.020924  0.739366          222
211   4.460000  0.284949  0.408799  0.011214  0.020567  0.739287          223
212   4.480000  0.284491  0.408441  0.010994  0.019801  0.597663          224
213   4.500000  0.283976  0.408499  0.010913  0.019510  0.596980          225
214   4.560000  0.270371  0.391526  0.010884  0.019183  0.550401          228
215   4.580000  0.270369  0.391538  0.010882  0.019186  0.559987          229
216   4.600000  0.264166  0.390112  0.011427  0.019893  0.761725          230
217   4.620000  0.264213  0.390096  0.011329  0.019799  0.763137          231
218   4.640000  0.257275  0.389239  0.011796  0.020259  0.771714          232
219   4.660000  0.257277  0.389238  0.011794  0.020253  0.771555          233
220   4.680000  0.251490  0.389870  0.010944  0.018779  0.467531          234
221   4.700000  0.251486  0.389870  0.010950  0.018793  0.471225          235
222   4.720000  0.246285  0.390077  0.010619  0.019708  0.653668          236
223   4.740000  0.246284  0.390077  0.010615  0.019705  0.655972          237
224   4.760000  0.241647  0.393177  0.011218  0.020543  0.753942          238
225   4.780000  0.241646  0.393184  0.011218  0.020529  0.753760          239
226   4.800000  0.237268  0.394781  0.011724  0.020711  0.773404          240
227   4.820000  0.237266  0.394781  0.011723  0.020707  0.773305          241
228   4.840000  0.233101  0.397964  0.011959  0.020758  0.772167          242
229   4.860000  0.233101  0.397966  0.011967  0.020774  0.772140          243
230   4.880000  0.229568  0.402383  0.012744  0.022551  0.775298          244
231   4.900000  0.229571  0.402385  0.012743  0.022551  0.775094          245
232   4.920000  0.225667  0.408256  0.013448  0.023642  0.754277          246
233   4.940000  0.225666  0.408261  0.013461  0.023667  0.753963          247
234   4.960000  0.223004  0.413134  0.012685  0.022279  0.752455          248
235   4.980000  0.223006  0.413133  0.012695  0.022296  0.752408          249
236   5.000000  0.222101  0.410442  0.012428  0.022264  0.779797          250
237   5.020000  0.222098  0.410443  0.012432  0.022270  0.779918          251
238   5.040000  0.221718  0.407692  0.012791  0.022249  0.752052          252
239   5.060000  0.221721  0.407689  0.012810  0.022297  0.751744          253
240   5.080000  0.222406  0.405687  0.012978  0.022935  0.757222          254
241   5.100000  0.222410  0.405691  0.012982  0.022937  0.757163          255
242   5.120000  0.223613  0.405046  0.012970  0.023750  0.766751          256
243   5.140000  0.223613  0.405046  0.012978  0.023768  0.766829          257
244   5.160000  0.225291  0.405091  0.013420  0.023816  0.789108          258
245   5.180000  0.225291  0.405091  0.013416  0.023809  0.789189          259
246   5.200000  0.227747  0.405814  0.013358  0.023983  0.754136          260
247   5.220000  0.227746  0.405820  0.013379  0.024014  0.753961          261
248   5.240000  0.230772  0.407750  0.013131  0.022603  0.735235          262
249   5.260000  0.230772  0.407749  0.013119  0.022577  0.735366          263
250   5.280000  0.233390  0.409591  0.011623  0.020360  0.765290          264
251   5.300000  0.233389  0.409601  0.011632  0.020390  0.767391          265
252   5.320000  0.233396  0.412849  0.012782  0.022746  0.779129          266
253   5.340000  0.233397  0.412848  0.012777  0.022736  0.779104          267
254   5.360000  0.234408  0.410745  0.013628  0.024401  0.783961          268
255   5.380000  0.234408  0.410743  0.013635  0.024414  0.783790          269
256   5.400000  0.236112  0.408618  0.013470  0.024386  0.758153          270
257   5.420000  0.236113  0.408619  0.013465  0.024379  0.758216          271
258   5.440000  0.238141  0.407672  0.014101  0.025792  0.761658          272
259   5.460000  0.238139  0.407673  0.014097  0.025784  0.761611          273
260   5.480000  0.240190  0.406940  0.014808  0.026775  0.755495          274
261   5.500000  0.240188  0.406940  0.014802  0.026758  0.755866          275
262   5.520000  0.242892  0.406941  0.014328  0.025947  0.744163          276
263   5.540000  0.242892  0.406927  0.014332  0.025934  0.744051          277
264   5.560000  0.245782  0.408754  0.013608  0.024754  0.777389          278
265   5.580000  0.245782  0.408755  0.013603  0.024743  0.777333          279
266   5.600000  0.249216  0.409705  0.014613  0.025807  0.761380          280
267   5.620000  0.249218  0.409702  0.014617  0.025815  0.761275          281
268   5.640000  0.253901  0.407766  0.014028  0.025901  0.772030          282
269   5.660000  0.253901  0.407766  0.014025  0.025896  0.772052          283
270   5.680000  0.259105  0.406675  0.013875  0.024506  0.762380          284
271   5.700000  0.259107  0.406670  0.013873  0.024503  0.762633          285
272   5.720000  0.264433  0.406618  0.014893  0.026793  0.756901          286
273   5.740000  0.264435  0.406614  0.014913  0.026833  0.756123          287
274   5.760000  0.270054  0.406263  0.014991  0.026125  0.758656          288
275   5.780000  0.270050  0.406259  0.015005  0.026140  0.758320          289
276   5.800000  0.276289  0.406939  0.014707  0.026026  0.742692          290
277   5.820000  0.276285  0.406942  0.014693  0.026002  0.742575          291
278   5.840000  0.285321  0.406019  0.014418  0.025272  0.771832          292
279   5.860000  0.283363  0.406054  0.014338  0.025014  0.771914          293
280   5.880000  0.292278  0.405550  0.014499  0.025015  0.774949          294
281   5.900000  0.290466  0.405337  0.014563  0.025027  0.774766          295
282   5.920000  0.300383  0.405263  0.014389  0.024570  0.776446          296
283   5.940000  0.298543  0.405279  0.014334  0.024419  0.776520          297
284   5.960000  0.308796  0.405117  0.014259  0.024398  0.768738          298
285   5.980000  0.306871  0.405294  0.014259  0.024425  0.768705          299
286   6.000000  0.317645  0.404248  0.014931  0.024991  0.771767          300
287   6.020000  0.315810  0.404110  0.015190  0.025206  0.772089          301
288   6.040000  0.326831  0.403672  0.015033  0.025604  0.773398          302
289   6.060000  0.325092  0.403897  0.014977  0.025719  0.773873          303
290   6.080000  0.334828  0.404180  0.013022  0.023605  0.767609          304
291   6.100000  0.332643  0.404291  0.012267  0.022791  0.767165          305
292   6.120000  0.337129  0.404138  0.013711  0.024185  0.787681          306
293   6.140000  0.338039  0.404227  0.013389  0.023858  0.787756          307
294   6.160000  0.340412  0.402189  0.013000  0.023709  0.766295          308
295   6.180000  0.341745  0.402684  0.013114  0.023757  0.766430          309
296   6.200000  0.344114  0.401929  0.013371  0.023956  0.762778          310
297   6.220000  0.345166  0.401976  0.013296  0.023896  0.762715          311
298   6.240000  0.347683  0.402205  0.013054  0.023591  0.762274          312
299   6.260000  0.348581  0.402071  0.013105  0.023653  0.762311          313
300   6.280000  0.351675  0.402983  0.013158  0.023695  0.780879          314
301   6.300000  0.352321  0.402654  0.013137  0.023677  0.780967          315
302   6.320000  0.355573  0.405044  0.013403  0.023819  0.774540          316
303   6.340000  0.356048  0.404607  0.013361  0.023817  0.774316          317
304   6.360000  0.359548  0.408046  0.013476  0.024261  0.748863          318
305   6.380000  0.359929  0.407481  0.013449  0.024155  0.748951          319
306   6.400000  0.365877  0.410464  0.013438  0.023881  0.780966          320
307   6.420000  0.362204  0.411266  0.013442  0.023788  0.780804          321
308   6.440000  0.370202  0.411282  0.013352  0.023337  0.774213          322
309   6.460000  0.367249  0.410883  0.013316  0.023159  0.774190          323
310   6.480000  0.375383  0.411003  0.013506  0.023591  0.778779          324
311   6.500000  0.372476  0.410656  0.013577  0.023749  0.779036          325
312   6.520000  0.380701  0.411317  0.013877  0.024325  0.801402          326
313   6.540000  0.377815  0.411243  0.013987  0.024529  0.801438          327
314   6.560000  0.386224  0.412536  0.013867  0.024230  0.759543          328
315   6.580000  0.383388  0.412716  0.013808  0.024087  0.759450          329
316   6.600000  0.391669  0.414666  0.013826  0.024395  0.767667          330
317   6.620000  0.388772  0.415119  0.013828  0.024498  0.767708          331
318   6.640000  0.397708  0.416274  0.014099  0.024910  0.757869          332
319   6.660000  0.395001  0.416473  0.014203  0.025065  0.757966          333
320   6.680000  0.404228  0.416255  0.014097  0.024851  0.744297          334
321   6.700000  0.401678  0.415866  0.014052  0.024756  0.744412          335
322   6.720000  0.410963  0.416047  0.013988  0.025224  0.747869          336
323   6.740000  0.408541  0.415637  0.013958  0.025383  0.747961          337
324   6.760000  0.417619  0.416547  0.014275  0.025525  0.761816          338
325   6.780000  0.415128  0.416441  0.014411  0.025603  0.762063          339
326   6.800000  0.424325  0.417918  0.014202  0.024630  0.774769          340
327   6.820000  0.421907  0.418173  0.014123  0.024243  0.774782          341
328   6.840000  0.431211  0.420490  0.014200  0.024967  0.757500          342
329   6.860000  0.428911  0.420791  0.014246  0.025251  0.757647          343
330   6.880000  0.438430  0.421664  0.014249  0.025182  0.778998          344
331   6.900000  0.436183  0.421355  0.014243  0.025140  0.778938          345
332   6.920000  0.445751  0.422012  0.014067  0.025058  0.765926          346
333   6.940000  0.443660  0.421574  0.013990  0.025004  0.765869          347
334   6.960000  0.453390  0.423341  0.013981  0.024990  0.753999          348
335   6.980000  0.451422  0.423238  0.013965  0.024957  0.754029          349
336   7.000000  0.461451  0.424418  0.014286  0.025135  0.768234          350
337   7.020000  0.459374  0.424398  0.014409  0.025203  0.768326          351
338   7.040000  0.469278  0.425095  0.013908  0.024439  0.771275          352
339   7.060000  0.467194  0.424861  0.013713  0.024136  0.771290          353
340   7.080000  0.477220  0.425885  0.014002  0.024505  0.779783          354
341   7.100000  0.475050  0.425660  0.014103  0.024633  0.779738          355
342   7.120000  0.485470  0.426737  0.014040  0.024322  0.767160          356
343   7.140000  0.483457  0.426754  0.014009  0.024189  0.767247          357
344   7.160000  0.494071  0.427658  0.014023  0.024358  0.762398          358
345   7.180000  0.492038  0.427651  0.014035  0.024408  0.762427          359
346   7.200000  0.502598  0.428218  0.013909  0.024235  0.753767          360
347   7.220000  0.500601  0.428188  0.013862  0.024169  0.753833          361
348   7.240000  0.511386  0.428368  0.013882  0.024413  0.751981          362
349   7.260000  0.509392  0.428108  0.013898  0.024515  0.752025          363
350   7.280000  0.519815  0.428190  0.012261  0.022403  0.741950          364
351   7.300000  0.517677  0.427968  0.011621  0.021578  0.741890          365
352   7.320000  0.521815  0.426576  0.012077  0.021699  0.761182          366
353   7.340000  0.522788  0.426874  0.011953  0.021637  0.761206          367
354   7.360000  0.525978  0.427023  0.012938  0.023053  0.784312          368
355   7.380000  0.527068  0.426956  0.012763  0.022800  0.784243          369
356   7.400000  0.530010  0.427719  0.013374  0.024071  0.786869          370
357   7.420000  0.531078  0.427580  0.013265  0.023837  0.786789          371
358   7.440000  0.534360  0.428036  0.013316  0.024004  0.761636          372
359   7.460000  0.535178  0.427935  0.013314  0.023993  0.761336          373
360   7.480000  0.539253  0.427342  0.013792  0.023997  0.757691          374
361   7.500000  0.539732  0.427407  0.013734  0.024118  0.760356          375
362   7.520000  0.546899  0.426882  0.013648  0.023738  0.764995          376
363   7.540000  0.543234  0.426434  0.013624  0.023610  0.764879          377
364   7.560000  0.551364  0.426844  0.013471  0.023640  0.782151          378
365   7.580000  0.548096  0.426780  0.013407  0.023638  0.782156          379
366   7.600000  0.556531  0.427872  0.013662  0.023914  0.757142          380
367   7.620000  0.553377  0.427888  0.013754  0.024010  0.757174          381
368   7.640000  0.562338  0.428335  0.013786  0.024304  0.757002          382
369   7.660000  0.559424  0.428033  0.013798  0.024407  0.757030          383
370   7.680000  0.568617  0.428464  0.013761  0.024259  0.766732          384
371   7.700000  0.565854  0.427953  0.013773  0.024252  0.767179          385
372   7.720000  0.574725  0.429446  0.014619  0.025466  0.749878          386
373   7.740000  0.571855  0.429240  0.014930  0.025902  0.749775          387
374   7.760000  0.580432  0.431267  0.013834  0.024388  0.780885          388
375   7.780000  0.577628  0.431349  0.013383  0.023766  0.780896          389
376   7.800000  0.586398  0.432483  0.013309  0.023375  0.772342          390
377   7.820000  0.583816  0.432220  0.013297  0.023244  0.772413          391
378   7.840000  0.592678  0.432921  0.013842  0.024134  0.791304          392
379   7.860000  0.590149  0.432505  0.014046  0.024462  0.791254          393
380   7.880000  0.599162  0.433900  0.014019  0.024264  0.774509          394
381   7.900000  0.596789  0.433647  0.014003  0.024169  0.774486          395
382   7.920000  0.605503  0.435295  0.014328  0.025008  0.757612          396
383   7.940000  0.603150  0.435164  0.014466  0.025320  0.756627          397
384   7.960000  0.611619  0.437362  0.014046  0.024756  0.739614          398
385   7.980000  0.609301  0.437582  0.013889  0.024542  0.739715          399
386   8.000000  0.617844  0.438366  0.013068  0.022884  0.776675          400
387   8.020000  0.615708  0.438079  0.012756  0.022241  0.776805          401
388   8.040000  0.624359  0.439003  0.012461  0.022152  0.761894          402
389   8.060000  0.622295  0.438647  0.012358  0.022119  0.761876          403
390   8.080000  0.630570  0.440140  0.012611  0.022380  0.797146          404
391   8.100000  0.628440  0.439990  0.012721  0.022480  0.797503          405
392   8.120000  0.636642  0.442027  0.012653  0.022342  0.767008          406
393   8.140000  0.634613  0.441997  0.012623  0.022279  0.766930          407
394   8.160000  0.642444  0.443080  0.013623  0.023742  0.754604          408
395   8.180000  0.640307  0.442756  0.013976  0.024258  0.755325          409
396   8.200000  0.648133  0.443772  0.013739  0.024417  0.749244          410
397   8.220000  0.646104  0.443407  0.013644  0.024472  0.749169          411
398   8.240000  0.653240  0.444908  0.012388  0.022716  0.731263          412
399   8.260000  0.651188  0.444869  0.011902  0.022026  0.731290          413
400   8.280000  0.656380  0.446336  0.010764  0.020387  0.775792          414
401   8.300000  0.653829  0.446374  0.010358  0.019783  0.775527          415
402   8.320000  0.655433  0.447029  0.011656  0.021415  0.776183          416
403   8.340000  0.655890  0.446974  0.011339  0.020996  0.775933          417
404   8.360000  0.656190  0.447436  0.012546  0.022924  0.779761          418
405   8.380000  0.656826  0.447401  0.012317  0.022549  0.779579          419
406   8.400000  0.658797  0.447987  0.012618  0.022878  0.782454          420
407   8.420000  0.655357  0.447945  0.012734  0.023004  0.782471          421
408   8.440000  0.657961  0.448813  0.012577  0.022637  0.770912          422
409   8.460000  0.654956  0.448765  0.012520  0.022504  0.770975          423
410   8.480000  0.657514  0.449595  0.012102  0.021716  0.767276          424
411   8.500000  0.654700  0.449403  0.011941  0.021409  0.767469          425
412   8.520000  0.657255  0.450337  0.010891  0.019822  0.770205          426
413   8.540000  0.654658  0.450124  0.010493  0.019216  0.769993          427
414   8.560000  0.656970  0.451415  0.010786  0.019767  0.754895          428
415   8.580000  0.654418  0.451415  0.010890  0.019965  0.754812          429
416   8.600000  0.656977  0.452245  0.011489  0.020342  0.734556          430
417   8.620000  0.654435  0.452103  0.011710  0.020480  0.734626          431
418   8.640000  0.656988  0.452693  0.011630  0.019868  0.740723          432
419   8.660000  0.654582  0.452514  0.011594  0.019628  0.740682          433
420   8.680000  0.656603  0.453512  0.011528  0.020322  0.760096          434
421   8.700000  0.654167  0.453459  0.011514  0.020598  0.759842          435
422   8.720000  0.656142  0.454768  0.011568  0.021035  0.795544          436
423   8.740000  0.653846  0.454774  0.011588  0.021202  0.795451          437
424   8.760000  0.655497  0.456074  0.010954  0.020560  0.782753          438
425   8.780000  0.653294  0.455949  0.010711  0.020312  0.782713          439
426   8.800000  0.654610  0.456960  0.011359  0.021263  0.796070          440
427   8.820000  0.652403  0.456750  0.011589  0.021604  0.796122          441
428   8.840000  0.653638  0.458476  0.011890  0.021732  0.756120          442
429   8.860000  0.651476  0.458513  0.012006  0.021778  0.755986          443
430   8.880000  0.652476  0.460139  0.011983  0.021378  0.740457          444
431   8.900000  0.650393  0.460044  0.011970  0.021222  0.740530          445
432   8.920000  0.650815  0.461620  0.011728  0.020717  0.774825          446
433   8.940000  0.648620  0.461378  0.011642  0.020541  0.774927          447
434   8.960000  0.649206  0.463056  0.011667  0.020656  0.768115          448
435   8.980000  0.647160  0.462783  0.011665  0.020678  0.767952          449
436   9.000000  0.647744  0.465595  0.012051  0.021596  0.757584          450
437   9.020000  0.645744  0.465710  0.012188  0.021925  0.757628          451
438   9.040000  0.646157  0.467738  0.011681  0.021290  0.781385          452
439   9.060000  0.644178  0.467673  0.011482  0.021037  0.781049          453
440   9.080000  0.644537  0.469362  0.011374  0.021070  0.761719          454
441   9.100000  0.642566  0.469219  0.011333  0.021077  0.761657          455
442   9.120000  0.642971  0.470509  0.011628  0.021630  0.794437          456
443   9.140000  0.641040  0.470322  0.011727  0.021819  0.794368          457
444   9.160000  0.641632  0.471478  0.011713  0.021552  0.778206          458
445   9.180000  0.639831  0.471350  0.011705  0.021442  0.778310          459
446   9.200000  0.640148  0.472187  0.011963  0.021428  0.757140          460
447   9.220000  0.638259  0.471971  0.012041  0.021391  0.757250          461
448   9.240000  0.638550  0.472768  0.011697  0.021196  0.785614          462
449   9.260000  0.636726  0.472607  0.011554  0.021105  0.785742          463
450   9.280000  0.636967  0.473319  0.011462  0.021324  0.768277          464
451   9.300000  0.635170  0.473126  0.011413  0.021380  0.768492          465
452   9.320000  0.635519  0.473603  0.012056  0.022030  0.767702          466
453   9.340000  0.633791  0.473350  0.012279  0.022249  0.767419          467
454   9.360000  0.633871  0.474038  0.012126  0.022053  0.775267          468
455   9.380000  0.632126  0.473847  0.012054  0.021960  0.774808          469
456   9.400000  0.632092  0.474622  0.011688  0.021079  0.733914          470
457   9.420000  0.630346  0.474474  0.011531  0.020712  0.734029          471
458   9.440000  0.630523  0.475191  0.011396  0.019699  0.750153          472
459   9.460000  0.628926  0.475037  0.011331  0.019297  0.750315          473
460   9.480000  0.629341  0.475538  0.011033  0.019561  0.771948          474
461   9.500000  0.627849  0.475280  0.010915  0.019649  0.772007          475
462   9.520000  0.627857  0.476096  0.010668  0.019761  0.745194          476
463   9.540000  0.626221  0.475904  0.010571  0.019792  0.745226          477
464   9.560000  0.626655  0.476672  0.010206  0.019061  0.776615          478
465   9.580000  0.625192  0.476444  0.010056  0.018760  0.776746          479
466   9.680000  0.583938  0.475903  0.017806  0.023842  0.755276          484
467   9.700000  0.583940  0.475906  0.017811  0.023865  0.755310          485
468   9.720000  0.558955  0.473359  0.017092  0.020226  0.772732          486
469   9.740000  0.558943  0.473366  0.017120  0.020258  0.773142          487
470   9.760000  0.535419  0.473833  0.014394  0.022577  0.701356          488
471   9.780000  0.535438  0.473823  0.014397  0.022554  0.700621          489
472   9.800000  0.512376  0.476290  0.015168  0.021162  0.762166          490
473   9.820000  0.512377  0.476294  0.015165  0.021167  0.761959          491
474   9.840000  0.494333  0.471406  0.014913  0.021341  0.774125          492
475   9.860000  0.494337  0.471409  0.014914  0.021347  0.774202          493
476   9.880000  0.290099  0.404900  0.009010  0.015942  0.329348          494
477   9.900000  0.290100  0.404902  0.009008  0.015932  0.327897          495
478   9.920000  0.557544  0.469453  0.009835  0.017172  0.759017          496
479   9.940000  0.557544  0.469459  0.009838  0.017171  0.756699          497
480   9.960000  0.563818  0.471063  0.009910  0.016839  0.510374          498
481   9.980000  0.441900  0.460980  0.014523  0.021829  0.765852          499
482  10.000000  0.425242  0.460457  0.014210  0.021076  0.753118          500
483  10.020000  0.425241  0.460452  0.014213  0.021069  0.753178          501
484  10.040000  0.408999  0.460098  0.014461  0.019690  0.754593          502
485  10.060000  0.408997  0.460109  0.014470  0.019700  0.754666          503
486  10.080000  0.393410  0.461841  0.014415  0.022059  0.765576          504
487  10.100000  0.393412  0.461839  0.014421  0.022064  0.765482          505
488  10.120000  0.377925  0.463591  0.014231  0.022635  0.763875          506
489  10.140000  0.377926  0.463591  0.014235  0.022641  0.763790          507
490  10.160000  0.363510  0.466363  0.013765  0.020120  0.738889          508
491  10.180000  0.363505  0.466373  0.013763  0.020130  0.739130          509
492  10.200000  0.349080  0.466527  0.013856  0.021505  0.759809          510
493  10.220000  0.349077  0.466529  0.013853  0.021507  0.759694          511
494  10.240000  0.336162  0.461783  0.013287  0.021564  0.766597          512
495  10.260000  0.336157  0.461786  0.013287  0.021568  0.766791          513
496  10.280000  0.322855  0.458486  0.012888  0.020566  0.731885          514
497  10.300000  0.322860  0.458488  0.012885  0.020559  0.731799          515
498  10.320000  0.310204  0.456853  0.013898  0.020455  0.733011          516
499  10.340000  0.310200  0.456851  0.013892  0.020447  0.733165          517
500  10.360000  0.297149  0.455721  0.012483  0.020076  0.782978          518
501  10.380000  0.297142  0.455730  0.012471  0.020063  0.783027          519
502  10.520000  0.249557  0.455543  0.011867  0.019719  0.738549          526
503  10.540000  0.249559  0.455545  0.011859  0.019710  0.738448          527
504  11.000000  0.245373  0.462611  0.010987  0.020293  0.455370          550
505  11.020000  0.245372  0.462616  0.010996  0.020305  0.456042          551
506  11.040000  0.246396  0.469050  0.011122  0.020359  0.738513          552
507  11.060000  0.246570  0.468874  0.011041  0.020333  0.739299          553
508  11.080000  0.247507  0.474178  0.010958  0.020228  0.711339          554
509  11.100000  0.247932  0.475504  0.010923  0.020164  0.709285          555
510  11.120000  0.249033  0.481333  0.010756  0.020088  0.780220          556
511  11.140000  0.249456  0.482823  0.010686  0.020030  0.780148          557
512  11.160000  0.250971  0.488941  0.010497  0.019209  0.680827          558
513  11.180000  0.251452  0.490474  0.010422  0.018878  0.680010          559
514  11.200000  0.253283  0.501226  0.010583  0.018355  0.384360          560
515  11.220000  0.253281  0.501230  0.010588  0.018353  0.381448          561
516  11.240000  0.253866  0.500449  0.010435  0.017729  0.368621          562
517  11.260000  0.253863  0.500436  0.010437  0.017719  0.364286          563
518  11.280000  0.254725  0.500912  0.010676  0.018723  0.520913          564
519  11.300000  0.254805  0.501152  0.010701  0.018721  0.524917          565
520  11.320000  0.255779  0.501340  0.010699  0.019071  0.658250          566
521  11.340000  0.255867  0.500646  0.010677  0.019165  0.656425          567
522  11.360000  0.256657  0.502484  0.010959  0.019043  0.416758          568
523  11.380000  0.256630  0.502416  0.011054  0.018966  0.417809          569